17589678139269548347393875563168772616739554571387
85159694522215194946156673115191343322931592871189
24181957893438792693138664463844174162336128957772
45983775831896357247794793878144347296917469741844
98361779829931574221636858981264166417433311117525
89521989676436859554642211345273629246644142688193
27914172227977615173961376748987732651592689621825
59956838642449938482567441129944149453549762538217
56574316455624988333574686591239564426254716897898
25176717399517693273578473462723943115913722683616
87326519363449365844191889225836849732695982825934
41643789313751643712857166289334739868822136492521
17885652276464226495741655898845496455973188281637
88481269455728331732892474553172362558333948738737
15755689457872768173771642999673512843623491684775
32422293293491596131276514115476492771221375952474
62134486679554622372968149192811883973211684439127
14662792599842287663269727673522865646973257671413
16437291918144272429742551565129498479336223358832
67849658249211134387664747769414715135272757256742